1661162886 2666
1661163960 2667
1661169907 10779
1661171849 10970
1661171858 10970
1661172664 11162
1661172668 11162
1661172714 11263
1661172840 11409
1661172931 11525
1661173335 11626
1661174177 11628
1661177412 11728
1661177416 11739
1661178075 11795
1661178301 11866
1661178400 11915
1661178535 11970
1661178810 12025
1661178932 12080
1661241009 12196
1661247012 12329
1661247019 13449
1661247207 13790
1661256944 13803
1661256954 14056
1661257362 14055
1661257580 14055
1661258096 14089
1661258111 14097
1661258115 14097
1661349361 14565
1661349510 14631
1661349533 14766
1661350675 14540
1661350700 14547
1661352341 14549
1661352366 14598
1661415803 14589
1661415825 14591
1661418362 14571
1661429923 14562
1661430603 14562
1661430651 14596
1661431463 14596
1661431496 14603
1661431680 14605
1661517281 14571
1661517287 14577
1661517309 14580
1661517359 14575
1661757586 14637
1661758962 14644
1661760624 14662
1661775941 14698
1661775945 14699
1661852656 14732
1661852667 14745
1661852782 14819
1661852992 14799
1661853014 14800
1661853019 14876
1661853240 14854
1661853388 14854
1661854161 14855
1661854215 14859
1661869227 14655
1661871023 14632
1661871026 14640
1661929890 14672
1661929899 14676
1661948541 14791
1661948546 14806
1661950040 14808
1661950616 14810
1662015880 14806
1662018654 14806
1662018740 14806
1662019324 14806
1662019494 14806
1662019563 14806
1662041592 15013
